[gd_scene load_steps=6 format=3]

[ext_resource type="Script" path="res://scripts/character_gen.gd" id="1_chargen"]

[sub_resource type="Environment" id="Environment_character"]
background_mode = 1
background_color = Color(0.145, 0.152, 0.165, 1)
ambient_light_source = 2
ambient_light_color = Color(0.22, 0.24, 0.28, 1)
ambient_light_energy = 0.25
tonemap_mode = 2
ssao_enabled = true
sdfgi_enabled = true

[sub_resource type="CameraAttributesPractical" id="CameraAttributes_character"]

[sub_resource type="StandardMaterial3D" id="Material_floor"]
albedo_color = Color(0.12, 0.12, 0.13, 1)
roughness = 1.0

[sub_resource type="PlaneMesh" id="PlaneMesh_floor"]
size = Vector2(14, 14)

[node name="Character" type="Node3D"]

[node name="WorldEnvironment" type="WorldEnvironment" parent="."]
environment = SubResource("Environment_character")
camera_attributes = SubResource("CameraAttributes_character")

[node name="KeyLight" type="DirectionalLight3D" parent="."]
transform = Transform3D(0.866, -0.308, 0.394, 0.0, 0.788, 0.616, -0.5, -0.533, 0.682, 2.5, 3.5, 3.0)
light_color = Color(1.0, 0.87, 0.72, 1)
light_energy = 2.4
shadow_enabled = true

[node name="RimLight" type="DirectionalLight3D" parent="."]
transform = Transform3D(-0.8746, 0.1698, -0.4541, 0.0, 0.9367, 0.3502, 0.4848, 0.3063, -0.8192, -2.0, 3.0, -3.0)
light_color = Color(0.62, 0.72, 0.9, 1)
light_energy = 1.1
shadow_enabled = true

[node name="Floor" type="MeshInstance3D" parent="."]
mesh = SubResource("PlaneMesh_floor")
surface_material_override/0 = SubResource("Material_floor")

[node name="Grounded" type="Node3D" parent="."]
transform = Transform3D(1, 0, 0, 0, 1, 0, 0, 0, 1, -1.55, 0.0, 0.0)
script = ExtResource("1_chargen")
preset = 1

[node name="Hero" type="Node3D" parent="."]
script = ExtResource("1_chargen")
preset = 2

[node name="Base" type="Node3D" parent="."]
transform = Transform3D(1, 0, 0, 0, 1, 0, 0, 0, 1, 1.55, 0.0, 0.0)
script = ExtResource("1_chargen")
preset = 0

[node name="GroundedLabel" type="Label3D" parent="."]
transform = Transform3D(1, 0, 0, 0, 1, 0, 0, 0, 1, -1.55, 2.08, 0.0)
text = "grounded"
font_size = 48
outline_size = 14
modulate = Color(0.75, 0.78, 0.82, 1)
billboard = 1

[node name="HeroLabel" type="Label3D" parent="."]
transform = Transform3D(1, 0, 0, 0, 1, 0, 0, 0, 1, 0.0, 2.12, 0.0)
text = "hero"
font_size = 48
outline_size = 14
modulate = Color(0.85, 0.8, 0.7, 1)
billboard = 1

[node name="BaseLabel" type="Label3D" parent="."]
transform = Transform3D(1, 0, 0, 0, 1, 0, 0, 0, 1, 1.55, 2.08, 0.0)
text = "base"
font_size = 48
outline_size = 14
modulate = Color(0.75, 0.78, 0.82, 1)
billboard = 1

[node name="Camera3D" type="Camera3D" parent="."]
transform = Transform3D(1.0, 0.0, 0.0, 0.0, 0.99863, -0.05234, 0.0, 0.05234, 0.99863, 0.0, 1.05, 3.9)
fov = 50.0
current = true
